kinematics:
  shoulder:
    x: 0
    y: 0
    z: 0.1625648533876035
    roll: -0
    pitch: 0
    yaw: -3.778941403895231e-08
  upper_arm:
    x: 4.681972939953494e-05
    y: 0
    z: 0
    roll: 1.569757775930103
    pitch: 0
    yaw: -4.64780760987584e-07
  forearm:
    x: -0.425319970044625
    y: 0
    z: 0
    roll: 3.140549046616021
    pitch: 3.141291365088318
    yaw: 3.141588524754665
  wrist_1:
    x: -0.3922950526017384
    y: -0.0005251840532650241
    z: 0.1336975076179264
    roll: 0.003928131207418114
    pitch: 0.001237603454933368
    yaw: -4.963088125458764e-07
  wrist_2:
    x: 6.296783535684828e-05
    y: -0.0996950499239129
    z: 7.601268447941893e-05
    roll: 1.57003387500007
    pitch: 0
    yaw: 2.056438645111833e-06
  wrist_3:
    x: -9.699500028425564e-06
    y: 0.09957635798498431
    z: -9.186173151453144e-05
    roll: 1.569873801535752
    pitch: 3.141592653589793
    yaw: 3.141591912420147
  hash: calib_3954303438358415612