kinematics:
  shoulder:
    x: 0
    y: 0
    z: 0.162710833731481
    roll: -0
    pitch: 0
    yaw: 9.464028741246189e-09
  upper_arm:
    x: 6.177756476441399e-05
    y: 0
    z: 0
    roll: 1.569501688934815
    pitch: 0
    yaw: 5.405988560377764e-06
  forearm:
    x: -0.4253630103489888
    y: 0
    z: 0
    roll: 3.14078129492449
    pitch: 3.140142995588677
    yaw: 3.141584398609707
  wrist_1:
    x: -0.3924349641369202
    y: -0.0007397029544375936
    z: 0.1337873018461449
    roll: 0.005528891060498443
    pitch: 0.000460692320907823
    yaw: 7.822704391725843e-06
  wrist_2:
    x: 8.384640402715101e-05
    y: -0.09960901169401305
    z: 0.0001518297847448551
    roll: 1.569272070459272
    pitch: 0
    yaw: 1.395320694898977e-06
  wrist_3:
    x: -6.980103360073704e-06
    y: 0.09949603061275286
    z: 4.724271943220652e-05
    roll: 1.571271146901698
    pitch: 3.141592653589793
    yaw: -3.141592636464497
  hash: calib_2327150520813455803